"soc_np_usats"
EV001
EV037
EV094
GATA028
GATA053
GATA098
GATA25072
GATA417
GATA43950
GATA6063862
GGAA520
GT011
GT023
GT195
GT211
GT271
GT575
TAA023
Pop
NP025001	,	168168	192214	216242	212248	243256	113117	364402	187245	404408	224236	186232	107113	128128	154156	290290	120126	140140	108108
NP025002	,	134134	198214	236248	252256	243257	109117	368380	195245	404408	228236	198198	107109	128132	152154	290290	110114	140140	105108
NP025003	,	134156	214214	232240	252256	263265	109109	368398	191199	408412	236236	194204	107117	114130	152164	290300	112116	140140	102108
NP025004	,	138138	188204	210238	256260	243267	109117	360368	191195	408408	228228	194194	111111	126128	152154	286294	114120	140142	093114
NP025005	,	150150	204220	214216	248264	247247	109113	368368	191207	404416	228236	202212	107123	110128	158158	288296	112114	140142	108108
NP025006	,	168168	210216	234242	212252	259263	113113	368402	187195	404408	236248	190194	107115	110112	152156	290292	114114	140140	096108
NP025007	,	148168	192208	230250	240252	243243	117117	372398	211253	404412	232240	194220	105123	130134	160160	296296	114116	140142	105114
NP025008	,	148166	216216	212236	248248	247267	109109	368380	187201	404412	232244	220234	101119	124126	156160	296298	114116	140140	102111
NP025009	,	168168	194214	216236	248248	239256	109117	364376	187199	404408	224236	198198	107113	128132	156158	290290	112120	140142	102108
NP025010	,	150150	212214	236238	236248	243243	109109	368368	199207	408408	232240	190202	107117	114124	156156	286290	114118	140140	102105
NP025011	,	150150	214218	210238	256256	255263	117117	368398	191195	404408	236240	212224	107109	128130	152152	280296	114116	140140	093102
NP025012	,	152162	194204	212216	232256	243271	109117	398402	191253	408420	228232	190220	113123	126128	146152	286286	114116	140140	102114
NP025013	,	144154	192192	210228	248256	239239	109117	364394	187199	408412	236248	190216	111113	128132	154166	296298	112114	142142	093102
NP025014	,	134158	214214	210228	248252	251259	109109	368368	195207	408412	232256	190204	109111	112132	152154	290292	114116	140140	096117
NP961862	,	150160	198218	214238	244248	243253	109109	368376	201207	408412	240240	194208	107111	128130	000000	294296	114114	142142	102105
NP965791	,	150164	190208	210216	230252	239255	109109	406406	187195	404416	240240	194220	107111	128132	156160	290292	114116	140140	102108
NP965819	,	134140	190198	216236	256260	255259	109121	368390	181195	408408	240244	190216	109123	126132	152156	292300	106114	140140	093108
NP965820	,	150150	214222	212234	230244	247267	109113	368372	195199	412424	224236	190216	123123	126128	158158	298298	106114	140142	093102
NP965821	,	152156	190192	214232	248248	255262	109117	376380	215259	408408	224240	168194	117119	110114	156158	290296	112114	142142	108108
NP965824	,	138150	198214	210250	236248	000000	109109	368368	181203	416424	224244	175216	111111	114132	160162	288298	120120	140142	105108
NP966224	,	166166	190218	216216	236252	243251	085113	368372	000000	000000	232236	204224	109117	132132	154156	280300	114116	132132	093102
NP966248	,	154166	192214	210210	244252	243247	117117	372376	195195	404408	232240	196214	109117	112132	160160	290298	120124	140142	102108
NP966249	,	148152	190202	210212	236252	239255	113125	368398	191249	404408	236240	216220	107109	132132	146162	290302	102114	140140	102105
NP966253	,	150154	194204	212238	240252	255255	109121	368402	191241	408412	232240	000000	109111	132136	000000	280286	118120	140142	096102
NP966254	,	140150	190198	234238	240252	239255	109109	372398	191237	416416	236240	208212	109111	110130	158160	288296	112114	136142	105108
Pop
SC005129	,	134172	216216	210216	252256	255255	109117	368368	199259	428428	244248	216216	111113	110132	166170	284284	114120	140140	102102
SC005133	,	134134	216218	210216	252256	255255	113117	368380	191191	412416	240240	216216	111113	110132	162164	284288	114114	140140	105105
SC005134	,	134150	218218	210210	236236	255267	101109	000000	199199	408408	224244	000000	111113	110110	162162	284284	108114	152152	105105
SC005137	,	134160	204216	210236	240256	255255	109109	368368	203237	408416	240244	194216	109113	110132	162164	288300	114114	140140	102105
SC005138	,	134150	190190	210210	236260	255255	109117	368402	191205	408428	224240	194216	111111	132132	158170	284284	108114	140140	102102
SC005139	,	134134	216216	210210	236256	255255	109109	368368	177205	408416	240240	216216	111113	118132	160166	284288	114114	140140	102102
SC005141	,	134134	216216	210210	248256	255255	109117	368368	195195	408412	224240	216216	111111	110110	162164	284284	114114	140140	105105
SC005142	,	134150	190216	210236	256256	255255	109109	368368	199237	428428	240240	216216	109111	126132	162166	284296	114114	140140	105105
SC005143	,	134134	204216	210210	236256	255255	109109	368368	177195	416416	240244	216216	111111	110110	162164	284284	114114	140140	102105
SC005144	,	134134	190216	210210	252256	255262	117117	368368	195237	416416	244244	216216	111111	110132	158170	284288	112114	140140	102105
SC005145	,	134134	190204	210210	236256	255255	109117	368368	195201	408408	244248	216216	111111	132132	156164	284284	114114	140140	105105
SC005146	,	134134	216216	210216	240256	255255	109117	368398	199199	412416	224244	216216	111111	126132	162170	284296	108114	140140	102105
SC005149	,	134134	204216	210210	240256	255271	109109	368368	199237	408416	232240	216216	111113	118132	164166	284288	114120	140140	105105
SC005150	,	134134	204216	210210	248248	255259	109117	368368	187199	416416	240244	190216	107111	124126	158164	284300	114124	140142	102108
SC005151	,	134134	190190	210210	252256	255255	109117	368398	195201	428428	240240	216216	111113	110132	162166	288300	114120	140140	105105
SC005152	,	134134	214216	210210	236260	255255	109109	368368	195201	408428	236240	216216	111113	118132	162164	284284	114114	140140	102105
SC005156	,	134134	190216	210210	240256	255255	113117	368368	177199	416428	244244	216216	111111	110132	164170	284284	114114	140140	102102
SC005159	,	134134	216216	210216	240256	255255	109117	368368	195199	416428	240240	216216	111111	110110	164164	284288	108114	140140	102105
SC005161	,	134134	190204	210210	256256	255255	109109	372398	195201	416428	240244	216216	111113	110132	162162	284284	108114	140140	102105
SC005167	,	134134	190204	210210	236240	255271	109109	368368	195201	408416	240240	216216	111113	110132	164166	284284	114114	140140	102105
SC005173	,	134134	204204	210210	256256	255255	109109	368368	199237	416416	224248	216216	111111	110132	170170	284288	108114	140140	105105
SC015174	,	134134	204218	216216	256256	255255	109109	368368	195259	416416	240240	216220	111113	110132	156158	284288	114114	140140	102105
SC015175	,	134162	190214	212236	244248	259267	113117	364368	191195	408420	224232	206220	109109	128134	146158	288296	114114	140140	102102
SC015177	,	134134	216218	210210	256256	255255	109113	368398	237237	416420	236240	216220	111111	132132	162162	284288	114120	140142	102102
SC015179	,	134150	190216	210236	248252	255255	109117	368368	195195	416428	240244	216216	111113	110110	170170	284288	108118	140140	102105
SC015181	,	134134	204216	210210	248248	255255	109109	368372	187195	416428	240240	216216	111113	110110	162166	280284	114114	140140	102105
SC015191	,	134134	190204	210210	248252	255255	109109	368398	191195	416428	236240	216216	113113	110132	162162	284288	114114	140140	093102
SC025195	,	134160	190204	210210	240256	255255	109109	368398	187191	408416	240244	216216	111111	110132	166166	284284	108114	140140	102105
SC025196	,	134134	216216	210210	248256	255271	109109	368368	187223	412416	240240	216216	113113	110132	162164	284284	114114	140140	102105
SC030199	,	134134	190218	210228	256256	255263	109117	368398	195237	416428	236240	216216	111111	110132	166170	284284	114114	140140	102105
SC030200	,	134134	204206	210210	256256	255255	109109	368372	191237	408416	232240	216220	111113	110132	158162	280280	114118	140140	102105
SC030202	,	134134	214216	210212	236236	255255	109113	368398	203237	412428	240244	216216	111111	110132	162166	284284	114114	140140	102105
SC030203	,	134134	204216	210210	240256	255255	109117	368398	195199	408416	240240	216216	111111	132132	162162	284288	114114	140140	102102
SC030204	,	134134	190218	210210	244256	255255	109109	368368	191195	416416	240240	216216	111111	110132	164170	284284	114114	140140	102102
SC030207	,	134160	216218	210210	240248	255255	109117	368376	191195	408412	240240	216216	111111	110132	162164	284284	114118	140140	093093
SC030208	,	134134	204216	210228	256256	255255	109117	368368	237237	408428	240244	216216	111111	132132	166170	284284	114124	140140	102102
SC030210	,	134134	214216	216216	236260	255271	117117	368402	195259	404408	236240	216216	111113	110132	162164	296296	108114	140140	102105
SC040212	,	134160	190216	216228	236256	255255	109109	368368	195201	416416	224240	216216	111113	132132	162164	284284	114114	140140	102102
SC040214	,	134160	190190	210228	236256	255255	109109	368398	201237	416420	224240	216216	105113	110132	170170	280284	114114	140140	102102
SC040215	,	134150	214216	210210	248256	255255	109117	368368	205237	416428	240248	216216	111111	110132	162164	284284	114114	140140	102105
SC040219	,	134134	190218	210210	236256	255255	109117	376398	195195	412416	240244	216216	111111	110110	166170	284300	114114	140140	102105
SC040222	,	134134	216216	216216	236236	255255	117117	368372	195199	408428	240240	216216	111113	132132	162162	284284	114118	140140	102105
SC040223	,	134134	216216	210216	236244	255255	109109	368368	195205	416428	236240	216216	111111	110132	162170	284284	114114	140140	102105
SC040224	,	134134	190218	216216	236236	255255	109109	368398	191259	408432	232240	216216	109111	110110	162164	284284	114114	140140	093093
SC040226	,	134150	204216	210212	248256	255255	109109	368368	195195	408428	240240	216220	111113	110110	162162	284284	114114	140140	093105
SC040227	,	134134	190216	210210	248256	255255	109117	376376	195259	416428	240240	216216	111113	110118	162164	284284	108114	140140	105105
SC040228	,	134134	216216	210216	236256	255255	109109	368398	199203	420428	236240	216216	111113	110132	156162	284284	118120	140140	105105
SC040229	,	134134	204216	210212	240240	255255	109109	372372	195201	408416	240240	216216	111113	118132	166166	284284	114114	140140	102105
SC040231	,	134150	190216	210210	252256	255255	109117	368368	195195	428428	240244	216216	111111	110110	162170	296300	114114	140140	102105
SC040232	,	134134	216218	210210	256256	255255	109109	368368	195237	412416	240244	216216	105105	110132	162164	284296	114114	140140	102102
SC040233	,	134134	190204	210210	252256	255255	109109	368372	195201	408416	240240	216216	113113	118126	162166	284296	114114	140140	102105
SC040236	,	134134	216218	210210	236240	255255	109117	368368	195199	416428	240244	216216	111113	132132	164166	288296	108108	140140	102105
SC040237	,	134134	204218	210212	256256	255255	109109	368376	201237	412428	224240	216220	111111	110132	162162	284284	114114	140140	093102
SC040238	,	134134	216216	210236	236256	255255	109117	368380	191237	408412	236244	216220	111111	132132	162164	284284	114114	140140	102102
SC040239	,	134162	216216	210210	236256	255255	109117	368372	195195	408416	224240	216216	111111	132132	164166	280284	114114	140140	102105
SC040240	,	134134	204216	210228	256256	255255	109113	368372	195237	416428	240244	216220	111111	110132	162162	284300	114124	140140	105105
SC040241	,	134158	218220	210216	236256	255271	109109	368398	187195	416420	240240	216216	111111	132132	162164	284284	114114	140140	105105
SC040242	,	134134	204218	210210	248256	255255	109117	368380	191195	408416	240240	216216	111111	110132	164164	284300	114114	140140	105105
SC040247	,	134134	204216	210216	256256	255255	109117	368368	191237	412416	240244	216216	111111	110132	162162	284288	114120	140140	102105
SC040249	,	134150	204204	228236	240256	255255	109117	368368	237237	408416	232240	216216	109111	132132	166170	284284	114124	140140	102102
SC040251	,	134134	190190	210210	236256	255255	109109	368368	177201	408428	240240	216216	111113	110132	158162	280284	114114	140140	102105
SC040254	,	134134	214216	210212	248256	255255	109109	368398	195207	408428	240240	216216	111111	132132	162166	284284	114114	140140	105105
SC040255	,	134150	216218	210210	236256	255255	117117	368368	177189	404416	240240	216216	111111	110110	162164	284284	120124	140140	102105
SC040256	,	134134	204204	210210	236236	255255	109117	368368	195203	428428	240240	194216	111113	110132	156162	284288	114114	140140	102105
SC040258	,	134134	204216	210212	248256	255255	109109	368368	195237	408408	224240	216220	113113	110126	162162	288300	114114	140140	102108
SC040259	,	134134	216216	210212	256256	255255	109117	368376	195195	416432	240244	216216	111111	132132	162162	284284	114114	140140	102102
SC040262	,	134134	206206	210210	248256	255255	109109	368372	195199	416420	236240	216216	111111	110132	156164	284284	114114	140140	102105
SC040263	,	134134	218218	210210	236236	255255	109117	368368	195195	408428	240244	216216	113113	132132	162164	280296	108114	140140	102102
SC040265	,	134134	190190	210212	236248	255255	109109	364368	195195	416416	240240	216216	107111	110110	162162	284288	108118	140140	102105
SC040266	,	134134	204216	210212	236256	255255	109109	368368	203203	416416	240240	216220	113113	110132	162166	280284	114114	140140	102105
SC040267	,	134134	206216	210210	236244	255255	109109	368368	195237	416416	236240	216216	111113	110132	162162	280284	114118	140140	102105
SC040268	,	134134	190190	210216	240260	255255	109109	368398	195237	412420	240240	216216	111111	132132	162162	284296	114114	140140	102105
SC040269	,	134134	216218	210210	256256	255255	109109	368368	237237	408416	240244	216216	111113	110118	162166	284284	114114	140140	093102
SC040270	,	134134	218220	210210	256256	255255	117117	368372	187237	416416	224240	216216	111111	110132	162162	284284	114124	140140	102102
SC040271	,	134134	204204	210210	236248	255255	109109	368368	177199	416428	240240	216220	113113	110110	164166	280284	114114	140140	105105
SC040272	,	134150	216218	210210	236240	255255	109109	398398	195259	416420	236240	216216	113113	110110	162164	284300	114114	140140	093105
SC040273	,	134134	204216	210210	240256	255255	109109	368372	195195	416416	240240	216216	111113	126132	162162	280284	114118	140140	102105
SC040274	,	134134	190204	210216	252256	255255	109113	368376	195195	420428	240240	216216	111111	110118	162170	284284	114114	140140	102105
SC040275	,	134134	190190	210236	244256	239255	109109	368368	195199	416424	236240	216216	111123	110124	162162	284284	114114	140140	102105
SC040277	,	134158	204216	210210	252256	255255	109117	368380	205207	420428	224236	216220	111113	110132	162170	284284	120124	140140	093102
SC040278	,	134158	216216	210228	236256	255255	109117	368398	203259	420428	224240	216216	111113	132132	166166	284284	114114	140140	102102
SC040279	,	134134	190190	210210	256256	256256	109117	368398	195195	408412	240244	216216	111111	126132	164164	280288	114120	140140	102105
SC040281	,	134134	190190	210236	244256	256256	109117	368368	203237	404416	240240	216216	111111	132132	162164	284284	114118	140140	105105
SC040282	,	134148	204218	210210	236256	255255	117117	368372	199205	408428	240240	216216	111113	110132	164166	284284	114118	140140	102102
SC040283	,	134134	190190	210236	240256	255255	109109	368398	177195	416416	240240	216216	111113	110110	162164	284284	114118	140140	105105
SC040284	,	134134	204216	210210	236256	255255	109113	368368	199237	408416	224236	212216	111113	126128	162162	284284	114114	140140	105105
SC040285	,	134134	206216	210212	256256	255255	109109	368372	195203	412416	232240	216220	111111	132132	162164	284284	114114	140140	102105
SC040286	,	134158	204216	210210	240256	255255	109109	368372	195203	408408	224240	212216	111113	110110	162166	284288	114114	140140	102102
SC040288	,	134134	190190	210210	256256	255255	109109	368368	195195	408420	240244	216216	111113	110132	162162	284288	114120	140140	093102
SC040289	,	134134	200204	210216	256260	255255	109109	368398	195195	408416	224240	216216	111111	132132	162170	280284	114114	140140	105105
SC040292	,	134134	204218	210216	240256	255255	109117	368368	191237	416416	240244	216216	111111	110132	162164	284284	114114	140140	102105
SC040294	,	134134	204216	210210	256256	255255	109117	372380	195203	412416	240248	216216	111113	132132	162162	280284	114114	140140	102105
SC040295	,	134134	190190	210210	240256	255255	109113	368368	195255	408428	224240	216216	111113	132132	156162	284284	114114	140140	102105
SC040296	,	134134	214216	210212	256256	255255	109117	368398	191237	408416	240240	216220	111113	110118	162162	284296	108114	140140	102102
SC040297	,	134158	190190	210212	256256	255255	109109	368368	187237	408416	240240	216216	111111	110132	164170	284284	114114	140140	102105
SC040300	,	134134	190190	210236	256260	255255	109117	368368	195195	408428	240244	216220	111113	132132	162162	284284	108114	140142	102105
SC040301	,	134134	190190	210210	248256	255255	109117	368398	177195	408428	240244	216216	111113	118118	162166	284288	114114	140140	102105
SC040302	,	134134	216216	210210	236256	255255	109109	368368	191195	428428	240240	216216	111113	126132	158164	284284	114114	140140	102102
SC040303	,	134134	200204	210216	256256	255255	117117	368368	191195	408428	240244	216216	111113	132132	162164	284284	114114	140140	102102
SC040304	,	134150	190190	210228	236252	255271	109117	368398	199199	408416	236240	216216	111113	110132	162162	284284	114118	140140	102105
SC040305	,	134134	216218	210216	236256	255255	109109	368376	195195	408408	240240	216216	111113	110132	158162	284288	108108	140140	102102
SC040307	,	134134	204216	212212	256256	255255	109109	368368	203237	416428	240244	216216	111113	110132	162164	284284	114114	140140	102102
SC040308	,	134134	216216	210210	256256	255255	109109	368376	191195	408428	236240	216216	111113	110132	162170	284284	108120	140140	105105
SC040309	,	134134	204204	210236	256256	255255	109117	398398	191205	420428	244244	216216	111111	132132	166166	284300	114114	140140	093105
SC040311	,	134134	190204	210216	240248	255255	109117	368368	205237	416428	240240	212216	111113	110110	160162	284288	114114	140140	102102
SC040312	,	134134	190204	210216	248256	255255	109117	368372	195199	428428	240240	216216	111113	110132	162162	284284	108114	140140	105105
SC040313	,	134150	216216	210236	236236	255255	109109	368372	195195	416428	240240	216220	111113	126132	162166	284284	114120	140140	102102
SC040314	,	134134	190190	210210	240248	255255	109109	368398	191195	408416	240240	216216	111111	110132	162164	284284	118124	140140	102105
SC040316	,	134134	190190	210212	236256	255255	109109	368368	195201	408416	240244	212216	109111	110132	162164	284284	114120	140140	105105
SC040317	,	134134	204216	210210	252256	255255	117117	368368	199237	416428	232244	216216	111111	132132	166170	284296	114114	140140	093105
SC040318	,	134134	216218	210212	248256	255255	117117	368368	195237	416416	240240	216216	111111	110118	156162	284288	114114	140140	102102
SC040319	,	134134	190216	210212	256256	255255	109117	368368	195199	412416	240240	216220	111111	132132	164164	284284	114124	140140	105105
SC040320	,	134134	204216	210210	236256	255271	117117	368368	195201	408408	240240	216216	111111	110132	162166	280284	114114	140140	102105
SC040321	,	134134	190218	210236	240240	255255	109117	368376	237237	416428	236240	216220	111111	110110	162162	284296	112114	140140	102105
SC040322	,	134150	218220	210210	252256	255255	109109	368372	177203	408428	240240	216220	105111	126132	162166	280296	114120	140140	102105
SC040323	,	134134	204204	210210	236256	255255	109109	368368	199203	416416	240240	216220	111113	110132	164166	280284	114114	140140	102105
SC040325	,	134134	190204	210228	256256	255255	109117	368368	195237	416428	240244	216220	111111	132132	162162	280284	114114	140140	105105
SC040327	,	134134	190214	212216	256256	255255	109109	368368	199237	408416	240240	216220	111111	132132	162164	284284	108124	140140	102105
SC040330	,	134150	206216	210210	248256	255255	109109	368368	177195	408420	240240	216216	111111	110110	158162	280284	114114	140140	102102
SC040331	,	134134	190190	210210	252256	255255	109109	368368	195195	408432	240240	216216	111113	110132	162166	284288	114120	140140	102102
SC040332	,	134134	190190	210210	240256	255255	109109	368368	191195	416428	240240	216216	111111	110118	162162	284284	114114	140140	102102
SC040334	,	134150	216216	210210	256256	255255	113117	368368	203205	408416	240240	216216	111113	132132	162164	284284	114114	140140	102102
SC040337	,	134134	190214	210210	240256	255256	109109	368368	203205	416428	236240	216220	111111	110110	162162	284284	114114	140140	102105
SC040338	,	134158	204216	210216	236252	255255	109109	368398	203259	420428	224240	216216	111113	132132	162166	284284	114120	132140	102102
SC040339	,	134134	190190	210210	248256	255255	109109	368402	195205	428428	232240	194212	111111	110110	166170	288300	114114	140140	102102
SC040340	,	134134	190218	210216	248256	255255	109109	368372	201237	420428	236240	216216	111111	110132	166166	280284	114114	140142	102102
SC040341	,	134134	190216	210210	256256	255255	109109	372372	191195	412416	224248	216216	111113	110132	162162	284284	114114	140140	105105
SC040344	,	134134	204216	210228	256256	255255	117117	368368	191195	408428	244244	216216	111113	118132	162164	284284	114114	140140	102102
SC040346	,	134158	216216	210210	236248	255255	109109	368376	195203	416428	240240	216216	111111	110110	162164	284284	108114	140140	102105
SC040348	,	134134	204204	210210	256256	255255	109117	368368	201203	408428	232240	216216	113113	110132	162162	284284	114114	140140	102102
SC040352	,	134134	190214	210210	240248	255255	109117	368368	195195	408416	240244	216216	111113	110118	162170	284288	108114	140140	102105
SC040353	,	134134	204204	210210	256256	255255	109117	368368	195199	416428	240244	216220	111113	110132	162164	280284	114114	140140	102105
SC040354	,	134134	216216	210212	256256	255255	105109	368376	191195	416416	240240	206206	111111	110118	162164	284284	114114	140140	102102
SC040355	,	134134	190204	216228	256256	255255	117117	368368	195199	408428	240240	216216	111111	110132	162162	284284	114114	140140	102105
SC040356	,	134134	190216	210216	236256	255256	109117	368402	201205	408428	232248	194216	111113	110126	158162	284288	114114	140142	102102
SC040358	,	134134	216220	210210	236252	255255	117117	368368	199259	416428	240240	216216	105111	110126	162162	284284	114114	140140	102105
SC040359	,	134158	204216	210210	252256	255271	109117	376398	195205	408416	240240	216216	105113	110132	156162	284294	114118	140140	102102
SC040360	,	134150	190204	210210	240248	255255	109117	368368	195195	408420	236240	216216	111111	110110	162162	284288	114124	140140	102105
SC040361	,	134148	216216	210210	256256	255255	109117	368368	195195	412428	240240	216216	111111	110132	164170	284288	114124	140140	102102
SC040362	,	134134	190204	210210	236240	255255	109109	368398	195201	408428	236244	212216	109111	110132	162164	284284	114114	140140	102105
SC040363	,	134134	204218	210210	256256	255255	109117	368368	203237	408412	240240	216216	111111	110132	156162	284284	114118	140140	102105
SC040365	,	134150	190204	216236	236256	255255	109109	368368	237259	416428	240244	216216	111111	110132	162162	284284	114118	132140	102105
SC040366	,	134134	190216	210210	236256	255255	117117	376376	195195	408428	236240	216216	111111	110110	162162	280284	114114	132140	102102
SC040368	,	134134	204216	210210	248256	255255	105109	368398	191195	408416	240240	216216	111113	110110	162170	280284	114120	132132	102105
SC930501	,	134150	190214	210228	236236	255255	109109	368368	191203	408416	240244	216216	111111	132132	162170	288300	114120	140140	102105
SC930502	,	134134	216216	210210	240252	255255	117117	368368	195203	416428	236240	216216	111113	110132	160164	280284	114114	140140	102102
SC930507	,	134134	190190	210210	256256	255255	109109	368368	195237	412416	240240	216216	111111	110132	162162	280284	114120	140140	102105
SC930508	,	134148	214216	210210	256256	255255	109109	368368	191195	408408	240240	216216	111111	132132	162162	284284	114120	140140	102105
SC930510	,	134134	190216	210210	248256	255255	109117	372376	195237	412416	240240	216216	111113	118118	162162	284288	114118	140140	102102
SC930511	,	134134	204204	210228	240244	255255	109117	368368	191203	416416	224240	216216	111111	132132	162162	284284	114120	140140	102105
SC930513	,	134150	190216	210228	244248	255255	117117	368398	191203	408428	240244	216216	111113	110132	160162	280284	114114	140140	102102
SC930514	,	134134	216218	210210	256256	255255	109117	368380	195205	428428	236240	216220	111113	110132	166170	284284	118124	140142	102102
SC930516	,	134134	204216	210210	240256	255255	109109	368372	195237	408412	240248	216216	113113	110132	162164	284296	114114	140140	102102
SC930517	,	134134	216216	210210	236256	255255	109117	372398	195237	416420	240240	216216	105111	110132	162162	280284	114114	140140	102105
SC930518	,	134134	204216	210210	256256	255255	109109	368398	195195	416428	240244	216216	113113	110110	162164	284284	114114	140140	102105
SC930519	,	134134	190204	210210	256256	256256	109109	368372	195237	416416	240244	216216	111111	110132	162162	284284	114114	140140	105105
SC930522	,	134160	208216	210236	236252	255255	109117	368368	195237	412416	224232	216216	111125	110136	152166	284296	114114	140140	102105
SC930524	,	134134	190216	210212	256256	255255	109109	368372	201237	408428	240240	216220	111113	110132	162162	284300	114114	140140	102102
SC930525	,	134134	204204	210210	248256	255255	109109	368368	191195	404408	236240	216216	111111	126132	164166	284284	114114	140140	102105
SC930526	,	134134	190216	210210	236252	255267	109125	000000	201201	408428	240240	216216	111113	118132	162162	284288	114120	140140	102105
SC930527	,	134134	204216	210210	252256	255255	109109	368368	205237	408412	240240	216216	111111	110132	162166	284288	114114	140140	102105
SC940529	,	134134	216218	210236	248256	255255	109109	368368	195195	412428	224240	216216	111111	110126	162170	284284	114114	140140	105108
SC940530	,	134134	216218	210210	236256	255255	109109	368376	201203	412428	240244	216216	111113	110118	162164	284288	114114	140140	102105
SC940531	,	134134	190190	210216	252256	255255	117117	368368	195195	408420	236244	216216	107113	110132	162166	284284	114114	140140	102102
SC940532	,	134134	190204	210210	236244	255255	109109	368380	205259	408428	240240	216216	111111	118132	166170	284288	114114	140140	105105
SC940533	,	134160	216218	210210	252256	255255	109117	368368	201237	408416	240240	216216	111113	110132	162166	284288	114118	140140	102102
SC940535	,	134160	190190	210216	256256	255271	109109	368372	187203	408428	240244	216216	113113	126132	162162	280288	114120	140140	102102
SC940536	,	134134	204214	210210	236248	255255	109117	368368	195237	408428	236244	216220	111111	110110	164170	284296	114114	140140	102105
SC940537	,	134134	190214	210210	256256	255255	109117	368368	195195	408428	240244	216216	111113	132132	166170	280284	114114	140140	105105
SC940538	,	134150	204216	210210	256256	255255	109109	368372	195195	404416	236244	216216	111111	126132	162164	284296	114114	140140	102105
SC940539	,	134134	216216	210210	248256	255255	109109	368368	195205	408408	232240	216216	111111	110132	162166	284284	114114	140142	105105
SC940540	,	134150	204216	210210	236256	255255	117117	368398	195237	416416	224240	216216	111111	110132	158162	284284	118120	140140	105105
SC940541	,	134158	190190	210216	256256	255255	109117	368368	195199	408408	240244	216220	111113	110132	162164	284284	114114	140140	102105
SC940543	,	134134	204216	210216	256256	255271	109109	368398	195259	428432	236244	216216	111113	130132	164164	296300	110110	140140	093102
SC940544	,	134134	216216	210210	256256	255255	109109	368368	237237	408412	240240	220220	105111	132132	162162	280284	114120	140140	102105
SC940545	,	134134	190216	210210	236256	255255	109109	368398	195195	408408	240244	216216	111113	118132	162162	284288	114120	140140	102102
SC940546	,	134134	216220	210210	256256	255255	109109	368368	187195	420428	236240	216216	111111	110132	162164	284296	114114	140140	102105
SC940547	,	134134	206216	210216	236256	255255	109117	368398	177195	408416	240240	194216	111113	110126	162162	280284	114118	140142	105105
SC940548	,	134158	204218	210210	236256	255255	125125	368398	203237	408408	240240	216216	111111	110110	166170	288300	114120	140140	102105
SC940549	,	134134	204216	210210	256256	255255	109117	368368	195201	408416	224244	216216	105111	132132	162170	284284	114114	140140	105105
SC940551	,	134134	190204	210210	248256	255255	109117	368368	195237	428428	236240	216220	111113	110110	162164	284296	114124	140140	102105
SC940552	,	134160	190204	210236	256256	255255	109109	368380	195195	408416	240240	216216	111113	110118	162166	284284	112114	140140	102105
SC940553	,	134134	204216	210210	236256	255255	117117	368372	187195	408408	240244	212216	111111	110132	162162	284284	114114	140140	102102
SC940554	,	134134	190216	210212	248256	255255	109117	368376	195237	408428	240240	216216	111113	110110	164170	284288	108118	140140	102105
SC940555	,	134150	204218	210210	236256	255255	109117	368368	195199	408428	240240	216216	111111	110132	162170	288296	114124	140140	105105
SC940556	,	134134	204216	210210	236256	255255	109109	368368	195203	420428	224240	216216	111111	132132	162164	284284	114120	140140	102105
SC940558	,	134134	190204	210210	244252	255255	109117	368368	191191	408416	240240	216216	111113	110110	160162	284284	114114	140140	102105
SC940559	,	134134	216218	210210	252256	255255	117117	368368	191203	408428	236240	216216	111111	132132	160164	280284	108114	140140	102102
SC940560	,	134150	190190	210236	252256	239271	109109	364368	191199	416424	240240	216216	113123	124132	162162	284284	114114	140140	093102
SC940561	,	134134	204214	210210	256256	256256	109117	364368	195259	408408	240240	216216	113113	132132	158162	284296	108114	140140	105105
SC940564	,	134134	204216	210228	256256	255255	109109	368368	195195	408420	240240	216216	111111	118132	162164	284284	114114	140140	102105
SC940565	,	134134	204214	210210	248248	255255	109109	368368	191191	408428	240244	216220	111111	110110	162166	284284	114124	140140	105108
SC940566	,	134134	216216	210210	256260	255255	117117	368402	205237	420428	240240	194212	111113	110132	162166	284300	114114	140142	102105
SC940568	,	134134	204216	210228	256256	255255	109109	368368	195195	416420	240240	216220	111113	132132	162164	284284	114114	140140	102105
SC940570	,	134134	214216	210210	256256	255255	117117	368376	237237	416428	240240	216220	111113	118132	164166	288296	114114	140140	102102
SC940572	,	134134	204204	210228	248256	255255	109117	368368	237237	428428	240240	216220	111111	110132	162164	284284	114124	140140	102105
SC940573	,	134150	216216	210210	240256	255271	109109	368376	195199	404416	224236	216216	111111	132132	164164	284284	114114	140140	102105
SC940574	,	134134	216216	210210	236256	255255	109109	368398	195203	408428	240240	216216	113113	110132	162164	284284	114114	140140	102102
SC940577	,	134158	190216	210236	236260	255255	109117	368368	191259	416416	236240	216216	111111	132132	160166	284296	114114	140140	102105
SC940579	,	134134	214214	210210	236256	255255	117117	364372	195195	408420	240240	216216	111113	132132	158162	284296	114114	140140	102105
SC955052	,	134150	212216	210210	240256	255255	109117	368368	203203	412416	240240	216216	111113	110110	162162	284284	114114	140140	105105
SC955054	,	134134	190190	210212	244256	255255	109109	368368	195203	000000	236240	216220	111113	110132	162166	284296	114120	140140	102105
SC955055	,	134150	214216	210212	236256	255255	109117	368398	191203	000000	240244	216216	111111	110110	162164	280284	114118	140140	105105
SC955057	,	134134	190204	210210	248256	255255	109117	000000	195237	000000	236240	216220	111113	110110	154154	284288	114124	140140	102105
SC955058	,	134134	190216	210212	248256	255271	109109	000000	195199	408420	224240	216216	111111	132132	162166	284284	120124	140140	105105
SC955059	,	134134	190204	210216	240256	255255	117117	368368	195259	416420	240244	216216	111113	110132	166170	288296	114114	140140	093105
SC955060	,	134134	216216	210212	236256	256256	109117	368376	195201	408428	240244	216216	111113	110132	162162	284284	114114	140140	102102
SC955061	,	134134	190204	216236	256256	255255	109109	368368	177191	416416	240240	216216	111113	110132	154162	284284	114114	140140	105105
SC955062	,	134134	204216	210216	236256	255255	117117	000000	237237	416416	224240	216216	111113	110110	162162	284284	114114	140140	102105
SC955063	,	134134	218220	210210	240256	255255	109109	000000	195237	420428	240240	216220	111111	132132	162166	284288	114114	140140	102105
SC955064	,	134134	204216	210210	256256	255255	109109	368376	195205	408428	240244	216216	111111	110132	162166	284284	114114	140142	102102
SC955065	,	150160	216218	210212	236256	255255	109109	368368	195201	404408	240240	216216	111111	110132	162170	284284	108114	140142	102105
SC955066	,	134134	216216	216216	236256	255255	109109	368368	195201	000000	236244	216216	111113	110132	156170	280284	114114	140140	102105
SC955069	,	134134	000000	210210	000000	255255	117117	368368	195259	000000	232240	216216	105111	110126	162170	284284	114114	140140	102102
SC975071	,	134134	190216	210210	252256	255255	109117	368368	237259	408432	240244	216220	111113	118132	162166	284288	114114	140140	102102
SC975072	,	134150	216216	210212	256256	255271	109117	368368	199205	408408	240240	216216	111113	118132	162162	284296	114120	140140	105105
SC985074	,	134134	190216	210216	256256	255255	117117	372398	195201	416416	240240	216216	111111	132132	162164	284288	114114	140140	102105
SC985076	,	134134	190216	210216	240256	255255	109117	368368	195195	412428	224240	216216	113113	126132	158164	284288	114120	140140	093102
SC985077	,	134134	204204	210210	256256	255255	109109	368368	199237	416416	224248	216216	111111	110132	170170	284288	108114	140140	105105
SC985078	,	134148	190216	210216	236240	255255	109117	368368	199259	416428	240240	216216	111111	110132	154162	280296	114124	140140	102105
SC985079	,	134134	206216	210210	236256	255255	109117	368368	195201	408408	224236	216230	111111	110132	156156	284284	114114	140140	093102
SC985080	,	134134	190190	210210	236256	255255	109109	368368	191195	416416	240240	216230	111111	126132	162166	284284	114114	140140	102102
SC985081	,	134134	190218	210210	236256	255256	109109	368368	191195	416416	240240	216216	111111	126132	156156	284284	114114	140140	102102
SC985082	,	134160	190214	210216	256260	255255	109117	368368	195203	408408	236240	216220	113113	110132	162166	284284	120124	140140	102102
SC985083	,	134148	204218	210216	236256	255255	109117	368368	195205	408416	240240	216220	111111	118132	162166	284284	114118	140140	102102
SC985084	,	134134	216216	210210	244256	255255	117117	368368	191195	408408	240240	216216	107111	110110	162162	280284	114114	140140	105105
SC985085	,	134134	216220	210210	256256	255255	109109	368368	201205	408428	232244	216216	105111	110110	162162	284288	114114	140140	093102
SC985086	,	134134	190204	210210	240240	255255	109109	368368	199237	416428	240240	216216	111113	118132	162162	284284	114124	140140	102105
SC985088	,	134134	204214	210216	256256	255256	109113	368368	191259	408408	240240	216220	113113	118132	158162	284296	114114	140140	102105
SC985089	,	134134	218220	210210	236248	255255	109117	368372	191199	412416	236236	216216	111111	118132	156156	278282	114114	140140	102105
SC985091	,	134158	190218	210210	240256	255255	109109	368368	187237	408416	240240	216216	111111	132132	164164	284284	114114	140140	105105
SC985092	,	134134	204218	210210	236256	255255	109113	368368	195237	420428	236240	216220	111113	132132	162166	284284	114124	140142	102102
SC985093	,	134150	190204	210228	256256	255255	109117	368368	195237	408428	240244	216216	111111	110132	162166	284300	114114	140140	102102
SC985095	,	134134	204216	210212	236236	255255	101109	364368	195195	408416	240244	216216	107111	110132	162162	284284	114118	140140	102117
SC985096	,	134150	216218	210210	236256	255255	109113	368368	177199	408416	224244	216216	111113	110110	164170	284284	108114	140142	105105
SC985097	,	134134	190216	210212	236236	255255	117117	368398	195195	408416	224240	216216	111111	110132	164170	284288	114114	140140	102102
SC985098	,	134160	190190	210216	256256	255255	117117	368376	191195	416428	240248	216216	111113	118132	162166	284288	114114	140140	105105
SC985099	,	134134	204214	210216	236240	255255	109117	368398	195237	416420	224240	216216	111113	110118	160162	284284	114114	140140	105105
SC985100	,	134134	204218	210210	248256	255255	113113	372398	205237	416428	240240	216220	105111	132132	162166	288296	114114	140142	102102
SC985101	,	134148	216216	210210	256256	255255	109109	368368	195237	408416	236240	216216	107111	110126	160170	284296	108120	140142	102102
SC985102	,	134160	190190	210216	236256	255255	117117	368368	195199	404416	240240	216216	111113	132132	164164	284288	108114	140140	102102
SC985103	,	134134	190190	210216	236256	255255	117117	368368	191237	412428	244248	216216	111111	132132	162164	284284	114114	140140	102105
SC985105	,	134158	216218	210210	240252	256269	109109	368376	195205	408428	240240	216220	111113	126132	156166	284288	114118	140140	102105
SC985107	,	134160	216216	210210	236256	255255	109109	368368	195205	408408	240240	216220	111113	110132	162162	284284	114114	140140	102105
SC995108	,	134148	216218	210210	248256	251255	109109	368368	191199	416416	240244	216216	111111	110132	162162	284300	114120	140140	102105
SC995109	,	134158	216216	210210	252256	256256	109117	368376	195237	416428	240244	194220	111111	118126	156166	284284	114114	140140	105105
SC995110	,	134134	204220	210216	256256	255255	109109	368368	187195	420428	232244	216216	105111	110132	164164	284284	114114	140140	093102
SC995111	,	134150	204216	210210	256256	255255	109109	368372	195195	404416	236244	216216	111111	126132	162164	284296	114114	140140	102105
SC995112	,	134160	190204	210216	236256	255255	109109	368372	199203	408408	240244	216216	111113	110132	162162	280284	114120	140140	102102
SC995114	,	134134	190216	210212	236236	255255	109117	368368	177259	408412	240240	216216	111111	110132	162166	284284	114114	140140	102102
SC995115	,	134160	190190	216236	236256	255255	109117	368368	195237	404416	240244	216216	111113	132132	164170	280288	108114	140140	102105
SC995116	,	134134	190204	210210	256256	255255	109117	368368	195205	408428	232240	216216	111111	126126	164166	284284	114114	140140	093102
SC995117	,	134134	190216	210210	236256	255255	109117	368368	195195	408416	240244	216216	111113	110132	164164	284284	114120	140140	102105
SC995118	,	134150	190204	212216	240256	255255	109117	368398	203203	416416	240248	194216	111113	110132	162162	284284	114114	140140	102105
SC995119	,	134134	216218	228236	252256	255255	113117	368398	195195	408428	224236	216216	109111	110110	162162	280284	114118	140140	102105
SC995120	,	134134	204206	210210	236248	255255	109113	368398	195199	408408	240240	216216	111111	110132	162164	284288	114114	140140	105105
SC995121	,	134134	190204	210216	236256	255255	109117	368368	195199	412416	236244	216216	111113	110118	162164	284284	114118	140140	102105
SC995123	,	134134	216216	210210	256256	255255	109109	372376	203205	408416	232240	216220	111113	132132	162164	284284	114118	140140	102105
SC995126	,	134160	190204	210210	240240	255255	109109	368368	195195	408428	240240	216216	111111	110132	164166	284284	114118	140140	102102